gen_row,device_key,source_bus,online,source_prior_pg_mw,reconstructed_pg_mw,pg_movement_mw,source_prior_qg_mvar,reconstructed_qg_mvar,qg_movement_mvar
1,PERFORM2019:GEN:6:1,6,1,2.744616,2.74321304955024,-0.00140295044976257,-0.188632693098334,0.0570728504466677,0.245705543545002
2,PERFORM2019:GEN:6:2,6,1,2.744616,2.74321304955024,-0.00140295044976257,-0.188632693098334,0.0570728504466677,0.245705543545002
3,PERFORM2019:GEN:6:3,6,1,2.94066,2.93954100814958,-0.00111899185042175,-0.229679080140557,0.0458089535311122,0.275488033671669
4,PERFORM2019:GEN:6:4,6,1,2.94066,2.93954100814958,-0.00111899185042175,-0.229679080140557,0.0458089535311122,0.275488033671669
5,PERFORM2019:GEN:15:1,15,1,7.841761,7.84182137139733,6.03713973310605e-05,-1.23151922527252,-0.890905338524044,0.340613886748476
6,PERFORM2019:GEN:15:2,15,1,7.841761,7.84182137139733,6.03713973310605e-05,-1.23151922527252,-0.890905338524044,0.340613886748476
7,PERFORM2019:GEN:17:1,17,0,0,0,0,0,0,0
8,PERFORM2019:GEN:17:2,17,1,11.4,11.4136023530851,0.0136023530851119,-5.27524139664097,1.32550204420233,6.60074344084331
9,PERFORM2019:GEN:17:3,17,1,11,11.0136226062618,0.0136226062617855,-5.27524139664097,1.32550204420233,6.60074344084331
10,PERFORM2019:GEN:17:4,17,1,11.2,11.2136114123838,0.0136114123838027,-5.27524139664097,1.32550204420233,6.60074344084331
11,PERFORM2019:GEN:17:5,17,1,11.4,11.4136023530851,0.0136023530851119,-5.27524139664097,1.32550204420233,6.60074344084331
12,PERFORM2019:GEN:17:6,17,1,10.7,10.7136423063841,0.0136423063840816,-5.27524139664097,1.32550204420233,6.60074344084331
13,PERFORM2019:GEN:17:7,17,1,9,9.0137410512146,0.0137410512146019,-5.27524139664097,1.32550204420233,6.60074344084331
14,PERFORM2019:GEN:17:8,17,1,29.800001,29.8138523254089,0.0138513254089396,-12.2517182169731,3.08889878909534,15.3406170060684
15,PERFORM2019:GEN:17:9,17,0,0,0,0,0,0,0
16,PERFORM2019:GEN:17:10,17,0,0,0,0,0,0,0
17,PERFORM2019:GEN:17:11,17,1,30.000001,30.0138419377851,0.0138409377850657,-12.2517182169731,3.08889878909534,15.3406170060684
18,PERFORM2019:GEN:17:12,17,1,183.000004,183.000158236195,0.00015423619493049,-55.0969688418134,13.8441305404655,68.9410993822789
19,PERFORM2019:GEN:17:13,17,1,183.000004,183.000158236195,0.00015423619493049,-55.0969688418134,13.8441305404655,68.9410993822789
20,PERFORM2019:GEN:18:1,18,1,15.898612,15.8986003005354,-1.16994645704693e-05,-5.76143235386556,-2.38962322254815,3.37180913131741
21,PERFORM2019:GEN:18:2,18,1,52.664155,52.6642593253945,0.000104325394467253,-19.1189187990227,-7.9322395456415,11.1866792533812
22,PERFORM2019:GEN:18:3,18,1,52.664155,52.6642593253945,0.000104325394467253,-19.1189187990227,-7.9322395456415,11.1866792533812
23,PERFORM2019:GEN:18:4,18,1,54.651493,54.6515990796374,0.0001060796373622,-19.8390976849972,-8.23094211458623,11.6081555704109
24,PERFORM2019:GEN:18:5,18,0,0,0,0,0,0,0
25,PERFORM2019:GEN:19:1,19,1,15.898612,15.8985811713349,-3.08286650536616e-05,0.692870978487022,-1.55394003888097,-2.24681101736799
26,PERFORM2019:GEN:19:2,19,0,0,0,0,0,0,0
27,PERFORM2019:GEN:19:3,19,1,384.54771,384.548173036762,0.000463036761573221,16.7582628396604,-37.5981805496005,-54.356443389261
28,PERFORM2019:GEN:19:4,19,1,386.999989,386.970590802197,-0.0293981978031184,16.7582628396604,-37.5981805496005,-54.356443389261
29,PERFORM2019:GEN:19:5,19,1,386.999989,386.970590802197,-0.0293981978031184,16.7582628396604,-37.5981805496005,-54.356443389261
30,PERFORM2019:GEN:21:1,21,1,10.782421,10.7824892868158,6.82868158090599e-05,7.2,-1.94048318991805,-9.14048318991805
31,PERFORM2019:GEN:21:2,21,1,11.762641,11.7627149359427,7.39359427015529e-05,7.8,-2.25475546552371,-10.0547554655237
32,PERFORM2019:GEN:21:3,21,1,12.742861,12.7429398049489,7.88049489166553e-05,8.5,-2.65306551587941,-11.1530655158794
33,PERFORM2019:GEN:24:1,24,1,8.821981,8.82203640528767,5.54052876751143e-05,4.93942736933736,-0.465191617036019,-5.40461898637338
34,PERFORM2019:GEN:24:2,24,1,8.821981,8.82203640528767,5.54052876751143e-05,4.93942736933736,-0.465191617036019,-5.40461898637338
35,PERFORM2019:GEN:24:3,24,1,8.821981,8.82203640528767,5.54052876751143e-05,4.93942736933736,-0.465191617036019,-5.40461898637338
36,PERFORM2019:GEN:24:4,24,1,8.821981,8.82203640528767,5.54052876751143e-05,4.93942736933736,-0.465191617036019,-5.40461898637338
37,PERFORM2019:GEN:26:C1,26,1,594.999981,594.976234922302,-0.0237460776984335,9.15046235505686,89.6330884827869,80.4826261277301
38,PERFORM2019:GEN:26:C2,26,1,650,649.97174835772,-0.0282516422799972,9.99628618345062,97.9184839545573,87.9221977711067
39,PERFORM2019:GEN:27:C1,27,1,121.823132,121.823253288762,0.000121288762201743,45.0607778832449,-37.6877253252655,-82.7485032085104
40,PERFORM2019:GEN:28:C1,28,0,0,0,0,0,0,0
41,PERFORM2019:GEN:29:1,29,1,111.2903,111.290417921758,0.000117921758487682,-8.1883265868511,-33.6147665536106,-25.4264399667595
42,PERFORM2019:GEN:30:1,30,1,4.07402,4.06741263449377,-0.0066073655062322,-0.25142425293227,-1.10412833707094,-0.852704084138672
43,PERFORM2019:GEN:30:2,30,1,55.048954,55.0490495855682,9.55855682036599e-05,-3.25394274456889,-14.5949074046949,-11.340964660126
44,PERFORM2019:GEN:31:1,31,1,0.98022,0.972636877825075,-0.00758312217492485,-0.216496025647874,-0.00892694351168266,0.207569082136192
45,PERFORM2019:GEN:31:2,31,1,0.98022,0.972636877825075,-0.00758312217492485,-0.216496025647874,-0.00892694351168266,0.207569082136192
46,PERFORM2019:GEN:31:3,31,1,2.548572,2.54682530073229,-0.00174669926771243,-0.485490522698777,0.00948190393367987,0.494972426632457
47,PERFORM2019:GEN:31:4,31,1,2.548572,2.54682530073229,-0.00174669926771243,-0.485490522698777,0.00948190393367987,0.494972426632457
48,PERFORM2019:GEN:31:5,31,1,2.548572,2.54828316140427,-0.000288838595729146,-0.485490522698777,0.00948190393367987,0.494972426632457
49,PERFORM2019:GEN:31:6,31,1,24.113415,24.1135287136412,0.00011371364116286,-4.79741051777563,-0.0871888788627571,4.71022163891288
50,PERFORM2019:GEN:31:7,31,1,24.113415,24.1135287136412,0.00011371364116286,-4.79741051777563,-0.0871888788627571,4.71022163891288
51,PERFORM2019:GEN:32:C1,32,1,147.000003,146.981212808234,-0.0187901917659019,-32.9407623343646,-44.9786237419769,-12.0378614076123
52,PERFORM2019:GEN:33:C1,33,1,56.241345,56.2414381707917,9.31707917501967e-05,-10.1005143000766,-7.91399452678383,2.18651977329281
53,PERFORM2019:GEN:34:C1,34,1,57.036275,57.0363701076386,9.51076386286331e-05,14.8864580242306,-21.1870326548614,-36.073490679092
54,PERFORM2019:GEN:35:1,35,1,3.136704,3.13583804080977,-0.000865959190233578,2.1,0.132240958460205,-1.96775904153979
55,PERFORM2019:GEN:35:2,35,1,3.136704,3.13583804080977,-0.000865959190233578,2.1,0.132240958460205,-1.96775904153979
56,PERFORM2019:GEN:35:3,35,1,3.92088,3.92059070529038,-0.000289294709619803,2.6,0.164497684067799,-2.4355023159322
57,PERFORM2019:GEN:35:4,35,1,3.92088,3.92059070529038,-0.000289294709619803,2.6,0.164497684067799,-2.4355023159322
58,PERFORM2019:GEN:35:5,35,1,5.88132,5.88134313371389,2.31337138920651e-05,3.9,0.197349152151612,-3.70265084784839
59,PERFORM2019:GEN:35:6,35,1,6.861541,6.86158340677929,4.24067792872407e-05,4.6,0.199733435367945,-4.40026656463205
60,PERFORM2019:GEN:37:C1,37,1,190.435088,190.435225924654,0.000137924653785149,23.3480043298416,-21.1401134475022,-44.4881177773438
61,PERFORM2019:GEN:38:1,38,1,99.863166,99.8632776570107,0.000111657010720023,-12.4636902248468,-9.64321138229287,2.82047884255396
62,PERFORM2019:GEN:39:1,39,1,125.201583,125.201699783802,0.000116783802127429,-15.7276149066169,-27.2821073165725,-11.5544924099556
63,PERFORM2019:GEN:41:C1,41,1,65.28368,65.2837821006858,0.000102100685751338,13.4763480821582,-20.3360666570217,-33.8124147391799
64,PERFORM2019:GEN:52:1,52,1,16.097346,16.0972638873657,-8.21126343346634e-05,-0.0905191800751297,-1.44558109824077,-1.35506191816564
65,PERFORM2019:GEN:53:1,53,1,37.262374,37.2624461930005,7.21930004985438e-05,-8.55604071664294,-5.14025760478503,3.41578311185791
66,PERFORM2019:GEN:60:1,60,1,0.784176,0.776575209821305,-0.00760079017869475,0.330912141470064,-0.0893923851340583,-0.420304526604122
67,PERFORM2019:GEN:60:2,60,1,9.802201,9.80227373199668,7.27319966813411e-05,3.6364017683758,-1.61740481417573,-5.25380658255153
68,PERFORM2019:GEN:63:C1,63,0,0,0,0,0,0,0
69,PERFORM2019:GEN:63:C2,63,1,653.643417,653.636118974329,-0.00729802567116167,12.7445097159222,-32.1663936693302,-44.9109033852524
70,PERFORM2019:GEN:69:1,69,0,0,0,0,0,0,0
71,PERFORM2019:GEN:69:2,69,1,24.344754,24.3448012585255,4.72585255444358e-05,-1.36588833376131,-4.24287348288644,-2.87698514912513
72,PERFORM2019:GEN:69:3,69,1,47.000274,47.0003645066829,9.05066829162138e-05,-2.64084591458347,-8.17927615430495,-5.53843023972149
73,PERFORM2019:GEN:79:1,79,0,0,0,0,0,0,0
74,PERFORM2019:GEN:79:2,79,0,0,0,0,0,0,0
75,PERFORM2019:GEN:79:3,79,0,0,0,0,0,0,0
76,PERFORM2019:GEN:79:4,79,0,0,0,0,0,0,0
77,PERFORM2019:GEN:79:5,79,0,0,0,0,0,0,0
78,PERFORM2019:GEN:79:6,79,0,0,0,0,0,0,0
79,PERFORM2019:GEN:79:7,79,0,0,0,0,0,0,0
80,PERFORM2019:GEN:79:8,79,0,0,0,0,0,0,0
81,PERFORM2019:GEN:79:9,79,0,0,0,0,0,0,0
82,PERFORM2019:GEN:79:10,79,1,7.452475,7.45020096905707,-0.00227403094293166,-0.599827806093026,0.584779360947618,1.18460716704064
83,PERFORM2019:GEN:79:11,79,1,46.702179,46.70228041114,0.000101411140001062,-4.00530585087978,3.40479004507658,7.41009589595637
84,PERFORM2019:GEN:79:12,79,0,0,0,0,0,0,0
85,PERFORM2019:GEN:79:13,79,1,178.859413,178.859553232076,0.000140232075580116,-15.2192835926522,13.1356751928951,28.3549587855473
86,PERFORM2019:GEN:79:14,79,1,178.859413,178.859553232076,0.000140232075580116,-15.2192835926522,13.1356751928951,28.3549587855473
87,PERFORM2019:GEN:79:15,79,0,0,0,0,0,0,0
88,PERFORM2019:GEN:80:1,80,1,55.148321,55.1484151390882,9.41390881905591e-05,-6.63000523469614,-18.2929941816301,-11.662988946934
89,PERFORM2019:GEN:82:1,82,1,34.281385,34.2814603382707,7.53382706903949e-05,-8.05180762011096,-8.24621773045614,-0.194410110345187
90,PERFORM2019:GEN:83:1,83,1,7.841761,7.8418080350838,4.70350838011058e-05,-1.92448191752862,-0.442952034681791,1.48152988284683
91,PERFORM2019:GEN:83:2,83,1,7.841761,7.8418080350838,4.70350838011058e-05,-1.92448191752862,-0.442952034681791,1.48152988284683
92,PERFORM2019:GEN:84:1,84,1,10.782421,10.7824961476728,7.51476727884892e-05,-0.991089482628254,0.309241743936418,1.30033122656467
93,PERFORM2019:GEN:84:2,84,1,10.782421,10.7824961476728,7.51476727884892e-05,-0.991089482628254,0.309241743936418,1.30033122656467
94,PERFORM2019:GEN:95:C1,95,1,66.575444,66.5755439782977,9.99782977260111e-05,-0.0880475078602741,-6.95420052974257,-6.86615302188229
95,PERFORM2019:GEN:116:1,116,1,47.397739,47.3978320613285,9.30613284992887e-05,-18.2194128280959,-19.5634962004189,-1.34408337232306
96,PERFORM2019:GEN:125:1,125,0,0,0,0,0,0,0
97,PERFORM2019:GEN:125:C1,125,0,0,0,0,0,0,0
98,PERFORM2019:GEN:127:C1,127,1,708.878994,708.879177964354,0.000183964354050659,-63.0520311731572,-135.702756674799,-72.6507255016423
99,PERFORM2019:GEN:128:1,128,1,610.109282,610.109412851964,0.000130851963604073,-34.754114055429,-7.50871696073086,27.2453970946981
100,PERFORM2019:GEN:150:1,150,0,0,0,0,0,0,0
101,PERFORM2019:GEN:150:2,150,0,0,0,0,0,0,0
102,PERFORM2019:GEN:150:C1,150,0,0,0,0,0,0,0
103,PERFORM2019:GEN:150:C2,150,0,0,0,0,0,0,0
104,PERFORM2019:GEN:161:1,161,1,19.873267,19.8732885886356,2.1588635632952e-05,4.02871052852659,-2.33230799223163,-6.36101852075822
105,PERFORM2019:GEN:178:C1,178,0,0,0,0,0,0,0
106,PERFORM2019:GEN:193:C1,193,0,0,0,0,0,0,0
107,PERFORM2019:GEN:194:1,194,1,19.873267,19.8732952803975,2.8280397497582e-05,14,-3.26463194714413,-17.2646319471441
108,PERFORM2019:GEN:199:1,199,0,0,0,0,0,0,0
109,PERFORM2019:GEN:199:2,199,0,0,0,0,0,0,0
110,PERFORM2019:GEN:212:1,212,0,0,0,0,0,0,0
111,PERFORM2019:GEN:212:2,212,0,0,0,0,0,0,0
112,PERFORM2019:GEN:212:3,212,0,0,0,0,0,0,0
113,PERFORM2019:GEN:212:4,212,0,0,0,0,0,0,0
114,PERFORM2019:GEN:212:5,212,0,0,0,0,0,0,0
115,PERFORM2019:GEN:212:6,212,0,0,0,0,0,0,0
116,PERFORM2019:GEN:212:7,212,0,0,0,0,0,0,0
117,PERFORM2019:GEN:212:8,212,0,0,0,0,0,0,0
118,PERFORM2019:GEN:212:9,212,0,0,0,0,0,0,0
119,PERFORM2019:GEN:212:10,212,0,0,0,0,0,0,0
120,PERFORM2019:GEN:212:11,212,0,0,0,0,0,0,0
121,PERFORM2019:GEN:234:1,234,0,0,0,0,0,0,0
122,PERFORM2019:GEN:234:C1,234,0,0,0,0,0,0,0
123,PERFORM2019:GEN:250:1,250,1,0.392088,0.381744543418095,-0.0103434565819052,0.3,0.0481786495243647,-0.251821350475635
124,PERFORM2019:GEN:250:2,250,0,0,0,0,0,0,0
125,PERFORM2019:GEN:250:3,250,0,0,0,0,0,0,0
126,PERFORM2019:GEN:250:4,250,1,12.546818,12.5469041324814,8.61324813907771e-05,9,-0.358521456439957,-9.35852145643996
127,PERFORM2019:GEN:250:5,250,1,12.546818,12.5469041324814,8.61324813907771e-05,9,-0.358521456439957,-9.35852145643996
128,PERFORM2019:GEN:250:6,250,0,0,0,0,0,0,0
129,PERFORM2019:GEN:250:7,250,1,17.643961,17.6440645147068,0.000103514706804475,12.6,-1.24123730193317,-13.8412373019332
130,PERFORM2019:GEN:250:8,250,0,0,0,0,0,0,0
131,PERFORM2019:GEN:250:9,250,0,0,0,0,0,0,0
132,PERFORM2019:GEN:250:10,250,0,0,0,0,0,0,0
133,PERFORM2019:GEN:250:11,250,0,0,0,0,0,0,0
134,PERFORM2019:GEN:284:1,284,1,24.841583,24.8416285354274,4.55354273825037e-05,12.0666702922004,-1.75944123083983,-13.8261115230402
135,PERFORM2019:GEN:284:2,284,1,24.841583,24.8416285354274,4.55354273825037e-05,12.0666702922004,-1.75944123083983,-13.8261115230402
136,PERFORM2019:GEN:317:C1,317,1,59.520429,59.5205265518282,9.75518281762788e-05,-0.24217147779424,-12.5825119358942,-12.3403404581
137,PERFORM2019:GEN:339:1,339,1,39.249703,39.2497835559749,8.05559749466056e-05,21.1938951209824,-7.90821691794682,-29.1021120389292
138,PERFORM2019:GEN:357:1,357,1,877.702904,877.703067580082,0.000163580082016779,-37.6197138056707,-78.5852275113114,-40.9655137056407
139,PERFORM2019:GEN:358:C3,358,1,542.534351,542.534590570891,0.000239570890698815,-29.5123437706112,-41.0074601100439,-11.4951163394327
140,PERFORM2019:GEN:358:C4,358,1,543.200016,543.174422252733,-0.0255937472674077,-29.528677170219,-41.0301454994214,-11.5014683292024
141,PERFORM2019:GEN:368:1,368,1,29.809901,29.8099672084739,6.62084738749513e-05,6.41051791573903,-4.61012897388123,-11.0206468896203
142,PERFORM2019:GEN:378:1,378,1,3.92088,3.92065191879484,-0.000228081205155384,1.87813216346734,0.0752682886579147,-1.80286387480943
143,PERFORM2019:GEN:378:2,378,1,3.92088,3.92065191879484,-0.000228081205155384,1.87813216346734,0.0752682886579147,-1.80286387480943
144,PERFORM2019:GEN:378:3,378,1,3.92088,3.92065191879484,-0.000228081205155384,1.87813216346734,0.0752682886579147,-1.80286387480943
145,PERFORM2019:GEN:381:1,381,0,0,0,0,0,0,0
146,PERFORM2019:GEN:381:C1,381,1,63.793194,63.7933022306425,0.000108230642524632,1.54837612835791,-13.2146171323822,-14.7629932607401
147,PERFORM2019:GEN:395:1,395,1,32.790887,32.7909509115428,6.3911542831363e-05,-7.08186992632173,-7.12712507279331,-0.0452551464715754
148,PERFORM2019:GEN:395:2,395,1,60.613459,60.6135556974324,9.6697432404369e-05,-13.0597265626332,-13.1433335250284,-0.0836069623951357
149,PERFORM2019:GEN:395:3,395,1,90.423363,90.4234729898145,0.000109989814504274,-19.464570843407,-19.5892690416885,-0.124698198281415
150,PERFORM2019:GEN:395:4,395,1,136.131895,136.132014180804,0.000119180804432517,-29.2853367020237,-29.4730414575412,-0.187704755517579
151,PERFORM2019:GEN:399:1,399,1,73.531085,73.5312028709144,0.000117870914408513,4.24470198413899,-14.1326685937458,-18.3773705778848
152,PERFORM2019:GEN:405:1,405,1,25.485721,25.4858277633676,0.000106763367611507,-3.76142233821923,-6.86376819718056,-3.10234585896133
153,PERFORM2019:GEN:406:1,406,1,14.703302,14.7033873597217,8.53597217105317e-05,-1.34093745660524,-2.74012521712152,-1.39918776051629
154,PERFORM2019:GEN:407:1,407,1,24.5055,24.5056057521914,0.000105752191426944,-3.85207661764647,-6.61496879688844,-2.76289217924197
155,PERFORM2019:GEN:408:1,408,1,23.525281,23.5253855844998,0.000104584499819538,-3.51427793851344,-6.23497047444888,-2.72069253593544
156,PERFORM2019:GEN:409:1,409,1,20.584621,20.5847212733986,0.000100273398551565,1.96787665883307,-5.21564747021863,-7.1835241290517
157,PERFORM2019:GEN:463:1,463,1,1.274286,1.26810537393965,-0.00618062606034675,-0.0255117083091614,0.0536142055063789,0.0791259138155403
158,PERFORM2019:GEN:463:2,463,1,6.861541,6.86158414823846,4.31482384577464e-05,-0.190314395700388,0.244878130285083,0.435192525985472
159,PERFORM2019:GEN:463:3,463,1,6.861541,6.86158414823846,4.31482384577464e-05,-0.190314395700388,0.244878130285083,0.435192525985472
160,PERFORM2019:GEN:463:4,463,1,6.861541,6.86158414823846,4.31482384577464e-05,-0.190314395700388,0.244878130285083,0.435192525985472
161,PERFORM2019:GEN:463:5,463,1,6.861541,6.86158414823846,4.31482384577464e-05,-0.190314395700388,0.244878130285083,0.435192525985472
162,PERFORM2019:GEN:463:6,463,1,6.861541,6.86158414823846,4.31482384577464e-05,-0.190314395700388,0.244878130285083,0.435192525985472
163,PERFORM2019:GEN:469:1,469,1,14.308752,14.3085749752646,-0.000177024735442899,5.51292070708758,-1.0203637113234,-6.53328441841098
164,PERFORM2019:GEN:474:1,474,1,8.821981,8.82204411211132,6.31121113254807e-05,4.13187372212211,-1.26349469986492,-5.39536842198703
165,PERFORM2019:GEN:474:2,474,1,46.070346,46.0704761871754,0.000130187175429342,21.6180685717504,-6.45694587186348,-28.0750144436139
166,PERFORM2019:GEN:492:1,492,0,0,0,0,0,0,0
167,PERFORM2019:GEN:508:C1,508,0,0,0,0,0,0,0
168,PERFORM2019:GEN:508:C2,508,1,338.333488,338.333641471541,0.000153471541352701,-22.0096052117097,-40.4142288707106,-18.4046236590009
169,PERFORM2019:GEN:526:1,526,1,17.643961,17.6440646765674,0.00010367656737742,2.03686529808279,-3.07256967070524,-5.10943496878803
170,PERFORM2019:GEN:535:1,535,1,41.634494,41.6345810262054,8.70262053638271e-05,-1.85400642232176,-3.45431678693518,-1.60031036461342
171,PERFORM2019:GEN:535:C1,535,1,769.999981,769.970002435924,-0.029978564076373,-87.5754876765723,-121.738900355856,-34.1634126792838
172,PERFORM2019:GEN:546:1,546,1,46.205348,46.205443566285,9.55662849833061e-05,32.600001,-6.07811957115972,-38.6781205711597
173,PERFORM2019:GEN:547:1,547,0,0,0,0,0,0,0
174,PERFORM2019:GEN:547:2,547,0,0,0,0,0,0,0
175,PERFORM2019:GEN:547:3,547,0,0,0,0,0,0,0
176,PERFORM2019:GEN:547:4,547,0,0,0,0,0,0,0
177,PERFORM2019:GEN:547:5,547,0,0,0,0,0,0,0
178,PERFORM2019:GEN:547:6,547,0,0,0,0,0,0,0
179,PERFORM2019:GEN:547:7,547,0,0,0,0,0,0,0
180,PERFORM2019:GEN:547:8,547,0,0,0,0,0,0,0
181,PERFORM2019:GEN:547:9,547,0,0,0,0,0,0,0
182,PERFORM2019:GEN:547:10,547,0,0,0,0,0,0,0
183,PERFORM2019:GEN:547:11,547,0,0,0,0,0,0,0
184,PERFORM2019:GEN:547:12,547,0,0,0,0,0,0,0
185,PERFORM2019:GEN:552:1,552,1,15.898612,15.8986037895939,-8.21040607057455e-06,-8.44099607458113,-6.99787826112178,1.44311781345935
186,PERFORM2019:GEN:552:2,552,0,0,0,0,0,0,0
187,PERFORM2019:GEN:552:3,552,0,0,0,0,0,0,0
188,PERFORM2019:GEN:552:4,552,1,186.808717,186.808859363805,0.00014236380476973,-99.1817078404278,-82.2250733879687,16.9566344524591
189,PERFORM2019:GEN:552:5,552,1,186.808717,186.808859363805,0.00014236380476973,-99.1817078404278,-82.2250733879687,16.9566344524591
190,PERFORM2019:GEN:554:C1,554,1,229.999995,230.016544233869,0.016549233868858,-199.675887800591,-225.1769492037,-25.5010614031088
191,PERFORM2019:GEN:556:C1,556,1,528.000021,527.971324941345,-0.0286960586554414,377.294339326317,128.943474591407,-248.35086473491
192,PERFORM2019:GEN:557:1,557,1,41.634494,41.6345894174647,9.54174647276318e-05,11.2588008742334,3.55483450747564,-7.70396636675777
193,PERFORM2019:GEN:557:2,557,1,41.634494,41.6345894174647,9.54174647276318e-05,11.2588008742334,3.55483450747564,-7.70396636675777
194,PERFORM2019:GEN:557:3,557,1,41.634494,41.6345894174647,9.54174647276318e-05,11.2588008742334,3.55483450747564,-7.70396636675777
195,PERFORM2019:GEN:557:4,557,1,41.634494,41.6345894174647,9.54174647276318e-05,11.2588008742334,3.55483450747564,-7.70396636675777
196,PERFORM2019:GEN:557:5,557,1,41.634494,41.6345894174647,9.54174647276318e-05,11.2588008742334,3.55483450747564,-7.70396636675777
197,PERFORM2019:GEN:557:6,557,1,41.634494,41.6345894174647,9.54174647276318e-05,11.2588008742334,3.55483450747564,-7.70396636675777
198,PERFORM2019:GEN:557:7,557,1,41.634494,41.6345894174647,9.54174647276318e-05,11.2588008742334,3.55483450747564,-7.70396636675777
199,PERFORM2019:GEN:557:8,557,1,41.634494,41.6345894174647,9.54174647276318e-05,11.2588008742334,3.55483450747564,-7.70396636675777
200,PERFORM2019:GEN:557:9,557,1,41.634494,41.6345894174647,9.54174647276318e-05,11.2588008742334,3.55483450747564,-7.70396636675777
201,PERFORM2019:GEN:557:10,557,1,41.634494,41.6345894174647,9.54174647276318e-05,11.2588008742334,3.55483450747564,-7.70396636675777
202,PERFORM2019:GEN:557:11,557,1,41.634494,41.6345894174647,9.54174647276318e-05,11.2588008742334,3.55483450747564,-7.70396636675777
203,PERFORM2019:GEN:557:12,557,1,41.634494,41.6345894174647,9.54174647276318e-05,11.2588008742334,3.55483450747564,-7.70396636675777
204,PERFORM2019:GEN:562:1,562,1,213.63759,213.637731113472,0.000141113472437837,-24.5650083456807,-16.9246034098519,7.64040493582876
205,PERFORM2019:GEN:563:C1,563,1,71.543759,71.543870087301,0.000111087301021939,29.0329332903368,-7.81902665184004,-36.8519599421769
206,PERFORM2019:GEN:564:1,564,1,18.48214,18.4821721006923,3.21006922661127e-05,-2.62698488189876,-4.83617751938171,-2.20919263748294
207,PERFORM2019:GEN:564:2,564,1,52.564788,52.5648963827632,0.000108382763229997,-7.52343604829711,-13.8177306839357,-6.29429463563859
208,PERFORM2019:GEN:565:1,565,1,59.321702,59.3218137504411,0.000111750441121217,41.800001,4.51177960026677,-37.2882213997332
209,PERFORM2019:GEN:569:1,569,0,0,0,0,0,0,0
210,PERFORM2019:GEN:569:6,569,0,0,0,0,0,0,0
211,PERFORM2019:GEN:569:C1,569,1,83.070254,83.0703765035652,0.000122503565236798,-26.1791412076738,-24.5480500825325,1.63109112514134
212,PERFORM2019:GEN:569:C2,569,1,95.999998,95.9822010567893,-0.0177969432107261,-30.0621684270814,-28.1891450676696,1.87302335941184
213,PERFORM2019:GEN:570:C1,570,1,120.432007,120.432153433831,0.000146433830522597,73.4699105279377,-10.1294432156777,-83.5993537436154
214,PERFORM2019:GEN:571:1,571,1,1,1.01409452003826,0.0140945200382567,1.41857504786215,0.903502552143782,-0.515072495718364
215,PERFORM2019:GEN:571:2,571,1,170.950401,170.95064215279,0.000241152789556054,26.9529264368108,17.1665488121328,-9.78637762467795
216,PERFORM2019:GEN:571:3,571,1,535.500002,535.467503717379,-0.0324982826208497,42.2401908683966,26.9162118180021,-15.3239790503945
217,PERFORM2019:GEN:573:1,573,1,3.528792,3.52823474003878,-0.000557259961221135,-0.52235759880853,-0.44910978916393,0.0732478096446002
218,PERFORM2019:GEN:573:2,573,1,14.213191,14.2132761673236,8.51673236077488e-05,-2.02375739962561,-1.72751070284078,0.296246696784827
219,PERFORM2019:GEN:573:3,573,1,14.213191,14.2132761673236,8.51673236077488e-05,-2.02375739962561,-1.72751070284078,0.296246696784827
220,PERFORM2019:GEN:575:1,575,1,4.9011,4.90105658192493,-4.34180750659152e-05,3.5,0.0414126479925748,-3.45858735200743
221,PERFORM2019:GEN:575:2,575,1,4.9011,4.90105658192493,-4.34180750659152e-05,3.5,0.0414126479925747,-3.45858735200743
222,PERFORM2019:GEN:577:1,577,1,16.892277,16.8922777433994,7.43399404257161e-07,1.19739242303875,-0.485243385975711,-1.68263580901446
223,PERFORM2019:GEN:577:C1,577,1,81.480396,81.4805196385143,0.000123638514253344,1.75633660547884,-7.63640514919039,-9.39274175466924
224,PERFORM2019:GEN:579:1,579,0,0,0,0,0,0,0
225,PERFORM2019:GEN:589:3,589,1,78.101945,78.1020670581393,0.00012205813929711,-43.200001,-28.2418721669917,14.9581288330083
226,PERFORM2019:GEN:589:C1,589,1,54.651493,54.6516023077658,0.000109307765832511,-38.499999,-24.408277578343,14.091721421657
227,PERFORM2019:GEN:595:1,595,1,1,1.01657802436539,0.016578024365385,32.9,5.5022523497288,-27.3977476502712
228,PERFORM2019:GEN:595:2,595,1,1,1.01657802436539,0.016578024365385,32.9,5.5022523497288,-27.3977476502712
229,PERFORM2019:GEN:595:3,595,1,1,1.01657802436539,0.016578024365385,32.9,5.5022523497288,-27.3977476502712
230,PERFORM2019:GEN:595:4,595,1,1,1.01657802436539,0.016578024365385,32.9,5.5022523497288,-27.3977476502712
231,PERFORM2019:GEN:596:1,596,0,0,0,0,0,0,0
232,PERFORM2019:GEN:596:2,596,0,0,0,0,0,0,0
233,PERFORM2019:GEN:596:3,596,0,0,0,0,0,0,0
234,PERFORM2019:GEN:596:4,596,0,0,0,0,0,0,0
235,PERFORM2019:GEN:600:1,600,0,0,0,0,0,0,0
236,PERFORM2019:GEN:600:2,600,0,0,0,0,0,0,0
237,PERFORM2019:GEN:600:3,600,0,0,0,0,0,0,0
238,PERFORM2019:GEN:600:4,600,0,0,0,0,0,0,0
239,PERFORM2019:GEN:600:5,600,0,0,0,0,0,0,0
240,PERFORM2019:GEN:600:6,600,0,0,0,0,0,0,0
241,PERFORM2019:GEN:600:7,600,0,0,0,0,0,0,0
242,PERFORM2019:GEN:600:8,600,0,0,0,0,0,0,0
243,PERFORM2019:GEN:600:9,600,0,0,0,0,0,0,0
244,PERFORM2019:GEN:600:10,600,0,0,0,0,0,0,0
245,PERFORM2019:GEN:600:11,600,0,0,0,0,0,0,0
246,PERFORM2019:GEN:600:12,600,0,0,0,0,0,0,0
247,PERFORM2019:GEN:600:13,600,0,0,0,0,0,0,0
248,PERFORM2019:GEN:600:14,600,0,0,0,0,0,0,0
249,PERFORM2019:GEN:600:15,600,0,0,0,0,0,0,0
250,PERFORM2019:GEN:600:16,600,0,0,0,0,0,0,0
251,PERFORM2019:GEN:600:17,600,0,0,0,0,0,0,0
252,PERFORM2019:GEN:600:18,600,0,0,0,0,0,0,0
253,PERFORM2019:GEN:600:19,600,0,0,0,0,0,0,0
254,PERFORM2019:GEN:600:20,600,0,0,0,0,0,0,0
255,PERFORM2019:GEN:600:21,600,0,0,0,0,0,0,0
256,PERFORM2019:GEN:600:22,600,0,0,0,0,0,0,0
257,PERFORM2019:GEN:601:1,601,0,0,0,0,0,0,0
258,PERFORM2019:GEN:601:2,601,0,0,0,0,0,0,0
259,PERFORM2019:GEN:601:3,601,0,0,0,0,0,0,0
260,PERFORM2019:GEN:601:4,601,0,0,0,0,0,0,0
261,PERFORM2019:GEN:601:5,601,0,0,0,0,0,0,0
262,PERFORM2019:GEN:601:6,601,0,0,0,0,0,0,0
263,PERFORM2019:GEN:609:2,609,0,0,0,0,0,0,0
264,PERFORM2019:GEN:609:3,609,1,56.401104,56.4012015164552,9.75164552201591e-05,2.91840752712622,6.132062692426,3.21365516529978
265,PERFORM2019:GEN:609:4,609,0,0,0,0,0,0,0
266,PERFORM2019:GEN:609:5,609,0,0,0,0,0,0,0
267,PERFORM2019:GEN:609:6,609,1,56.340706,56.34081252689,0.000106526890029102,2.91840752712622,6.132062692426,3.21365516529978
268,PERFORM2019:GEN:609:7,609,0,0,0,0,0,0,0
269,PERFORM2019:GEN:609:8,609,1,56.340706,56.3408123427441,0.000106342744054189,2.91840752712622,6.132062692426,3.21365516529978
270,PERFORM2019:GEN:609:9,609,1,56.340706,56.3408126329871,0.000106632987083799,2.91840752712622,6.132062692426,3.21365516529978
271,PERFORM2019:GEN:609:10,609,1,56.340706,56.3408125333412,0.000106533341188708,2.91840752712622,6.132062692426,3.21365516529978
272,PERFORM2019:GEN:609:11,609,1,56.340706,56.3408125142264,0.000106514226423826,2.91840752712622,6.132062692426,3.21365516529978
273,PERFORM2019:GEN:609:C1,609,1,67.081606,67.0817558145925,0.00014981459247565,-0.366186359382143,10.4124763088587,10.7786626682408
274,PERFORM2019:GEN:614:1,614,1,46.702179,46.7022805863517,0.000101586351746619,-4.93033919926198,-6.37821198336481,-1.44787278410283
275,PERFORM2019:GEN:614:2,614,1,49.683166,49.6832720571984,0.000106057198436815,-5.2108207271067,-6.74980115238606,-1.53898042527936
276,PERFORM2019:GEN:614:3,614,1,49.683166,49.6832720571984,0.000106057198436815,-5.2108207271067,-6.74980115238606,-1.53898042527936
277,PERFORM2019:GEN:619:1,619,1,12.420791,12.4204490515894,-0.00034194841056312,-6.9,-0.948071343822928,5.95192865617707
278,PERFORM2019:GEN:623:1,623,1,60.116637,60.1167661648747,0.000129164874671517,42.399999,-4.26789055509592,-46.6678895550959
279,PERFORM2019:GEN:623:2,623,1,60.116637,60.1167661648747,0.000129164874671517,42.399999,-4.26789055509592,-46.6678895550959
280,PERFORM2019:GEN:632:1,632,1,2.744616,2.74321264146905,-0.00140335853095364,-0.304481034446152,0.144078695633418,0.44855973007957
281,PERFORM2019:GEN:632:2,632,1,2.744616,2.74321264146905,-0.00140335853095364,-0.304481034446152,0.144078695633418,0.44855973007957
282,PERFORM2019:GEN:632:3,632,1,2.94066,2.93954061509941,-0.00111938490059016,-0.402007980255823,0.0849997266877109,0.487007706943533
283,PERFORM2019:GEN:632:4,632,1,2.94066,2.93954061509941,-0.00111938490059016,-0.402007980255823,0.0849997266877109,0.487007706943533
284,PERFORM2019:GEN:638:1,638,1,4.705056,4.70507402138469,1.8021384688538e-05,3.4,-0.0249736624905233,-3.42497366249052
285,PERFORM2019:GEN:638:2,638,1,4.705056,4.70507402138469,1.8021384688538e-05,3.4,-0.0249736624905233,-3.42497366249052
286,PERFORM2019:GEN:638:3,638,1,4.705056,4.70507402138469,1.8021384688538e-05,3.4,-0.0249736624905233,-3.42497366249052
287,PERFORM2019:GEN:682:1,682,1,2.45055,2.44851497967957,-0.00203502032042913,-0.146050521405415,-0.144691871314521,0.00135865009089406
288,PERFORM2019:GEN:682:2,682,1,35.287923,35.2880471688242,0.000124168824193305,-2.16633545726366,-2.14722944036046,0.0191060169031978
289,PERFORM2019:GEN:683:1,683,1,21.564841,21.5649531225918,0.000112122591769293,5.11035817086088,-2.75783758283484,-7.86819575369573
290,PERFORM2019:GEN:683:2,683,1,21.564841,21.5649531225918,0.000112122591769293,5.11035817086088,-2.75783758283484,-7.86819575369573
291,PERFORM2019:GEN:685:1,685,1,1.96044,1.95740581936273,-0.0030341806372729,-0.130452802759622,-0.13098341807023,-0.000530615310607385
292,PERFORM2019:GEN:685:2,685,1,2.156484,2.1539253855628,-0.00255861443720429,-0.152889026980392,-0.153462091515848,-0.000573064535455997
293,PERFORM2019:GEN:685:3,685,1,2.352528,2.35041215807575,-0.00211584192424707,-0.136543363311547,-0.137180101684276,-0.000636738372728901
294,PERFORM2019:GEN:685:4,685,1,2.352528,2.35041215807575,-0.00211584192424707,-0.136543363311547,-0.137180101684276,-0.000636738372728901
295,PERFORM2019:GEN:685:5,685,1,2.744616,2.74323010025943,-0.00138589974057046,-0.142633923863471,-0.143376785298321,-0.000742861434850361
296,PERFORM2019:GEN:685:6,685,1,6.763518,6.7635604725598,4.24725598042741e-05,-0.464757641493101,-0.46658295816159,-0.0018253166684894
297,PERFORM2019:GEN:685:7,685,1,6.763518,6.7635604725598,4.24725598042741e-05,-0.464757641493101,-0.46658295816159,-0.0018253166684894
298,PERFORM2019:GEN:685:8,685,1,28.816235,28.8162997221722,6.47221722296365e-05,-1.9221750838886,-1.92987961798637,-0.00770453409777305
299,PERFORM2019:GEN:693:1,693,1,10.29231,10.2923840472318,7.40472317879437e-05,-1.9039289308999,-0.694286030810128,1.20964290008977
300,PERFORM2019:GEN:705:1,705,1,6.861541,6.86158266735325,4.16673532503964e-05,1.22727765485042,-0.261421622941825,-1.48869927779224
301,PERFORM2019:GEN:705:2,705,1,6.861541,6.86158266735325,4.16673532503964e-05,1.22727765485042,-0.261421622941825,-1.48869927779224
302,PERFORM2019:GEN:705:3,705,1,6.861541,6.86158266735325,4.16673532503964e-05,1.22727765485042,-0.261421622941825,-1.48869927779224
303,PERFORM2019:GEN:705:4,705,1,7.841761,7.84181304081784,5.2040817840826e-05,1.42645188051184,-0.265251844252074,-1.69170372476391
304,PERFORM2019:GEN:705:5,705,1,12.742861,12.7429462330308,8.52330307949956e-05,2.2971165652343,-0.460360506130882,-2.75747707136518
305,PERFORM2019:GEN:706:1,706,1,5.587255,5.587261037165,6.03716499814055e-06,4,0.0812881739538291,-3.91871182604617
306,PERFORM2019:GEN:706:2,706,1,5.587255,5.587261037165,6.03716499814055e-06,4,0.0812881739538297,-3.91871182604617
307,PERFORM2019:GEN:735:1,735,0,0,0,0,0,0,0
308,PERFORM2019:GEN:735:2,735,0,0,0,0,0,0,0
309,PERFORM2019:GEN:735:3,735,0,0,0,0,0,0,0
310,PERFORM2019:GEN:735:4,735,1,21.165028,21.1651172794449,8.92794449356415e-05,14.9,-1.36066285769707,-16.2606628576971
311,PERFORM2019:GEN:737:1,737,0,0,0,0,0,0,0
312,PERFORM2019:GEN:737:2,737,0,0,0,0,0,0,0
313,PERFORM2019:GEN:737:3,737,0,0,0,0,0,0,0
314,PERFORM2019:GEN:737:4,737,0,0,0,0,0,0,0
315,PERFORM2019:GEN:737:5,737,0,0,0,0,0,0,0
316,PERFORM2019:GEN:737:6,737,1,13.911287,13.9113116623595,2.46623595359097e-05,7.75504339702791,4.9897508809774,-2.76529251605051
317,PERFORM2019:GEN:737:7,737,1,53.657824,53.6579776887972,0.00015368879719091,29.9123094793884,19.246181519227,-10.6661279601614
318,PERFORM2019:GEN:738:1,738,1,11.427129,11.42686760169,-0.000261398309982397,8.1,3.81878659016009,-4.28121340983991
319,PERFORM2019:GEN:759:1,759,1,80.486733,80.4868375347575,0.000104534757497277,-1.95705774111236,-1.47468941295311,0.482368328159245
320,PERFORM2019:GEN:759:2,759,1,99.863166,99.8632764654075,0.000110465407473725,-2.38570336187627,-1.78714760077436,0.598555761101912
321,PERFORM2019:GEN:759:3,759,1,105.82515,105.825261860044,0.000111860044185619,-2.52852975703192,-1.89426062036769,0.634269136664229
322,PERFORM2019:GEN:761:1,761,1,96.882182,96.8822935229368,0.000111522936833808,68.300003,30.4070649251044,-37.8929380748956
323,PERFORM2019:GEN:768:1,768,1,77.207643,77.2077464318173,0.000103431817265687,-14.0806854936782,-9.77181053506835,4.30887495860988
324,PERFORM2019:GEN:774:C1,774,0,0,0,0,0,0,0
325,PERFORM2019:GEN:811:1,811,1,19.873267,19.8732834795749,1.64795748567315e-05,-2.7374551411034,-0.670807384011538,2.06664775709186
326,PERFORM2019:GEN:817:C1,817,1,407.200003,407.181960879004,-0.0180421209956307,110.162321490644,148.383018647161,38.2206971565171
327,PERFORM2019:GEN:817:C2,817,1,407.200003,407.181960879004,-0.0180421209956307,110.162321490644,148.383018647161,38.2206971565171
328,PERFORM2019:GEN:817:C3,817,1,407.200003,407.181960879004,-0.0180421209956307,110.162321490644,148.383018647161,38.2206971565171
329,PERFORM2019:GEN:821:1,821,1,21.463129,21.4631836525216,5.4652521590981e-05,15.099999,-2.49615312022041,-17.5961521202204
330,PERFORM2019:GEN:828:1,828,1,21.463129,21.4631798438,5.08438000217382e-05,4.88560075693047,-2.59164957939653,-7.477250336327
331,PERFORM2019:GEN:829:1,829,0,0,0,0,0,0,0
332,PERFORM2019:GEN:847:1,847,1,170.000005,170.000909084973,0.000904084972745522,21.3846196924964,-56.2337948480587,-77.6184145405551
333,PERFORM2019:GEN:847:2,847,1,169.732213,169.733077322602,0.00086432260192737,21.3846196924964,-56.2337948480587,-77.6184145405551
334,PERFORM2019:GEN:848:1,848,0,0,0,0,0,0,0
335,PERFORM2019:GEN:848:2,848,0,0,0,0,0,0,0
336,PERFORM2019:GEN:848:3,848,0,0,0,0,0,0,0
337,PERFORM2019:GEN:848:4,848,0,0,0,0,0,0,0
338,PERFORM2019:GEN:848:5,848,0,0,0,0,0,0,0
339,PERFORM2019:GEN:848:6,848,0,0,0,0,0,0,0
340,PERFORM2019:GEN:867:1,867,1,8.037805,8.03786139229616,5.6392296164276e-05,5.7,-0.349275383782531,-6.04927538378253
341,PERFORM2019:GEN:867:2,867,1,8.037805,8.03786139229616,5.6392296164276e-05,5.7,-0.349275383782532,-6.04927538378253
342,PERFORM2019:GEN:870:1,870,1,3.92088,3.92060482092521,-0.000275179074785914,1.08288216666546,0.0804443229291011,-1.00243784373636
343,PERFORM2019:GEN:870:2,870,1,3.92088,3.92060482092521,-0.000275179074785914,1.08288216666546,0.0804443229291011,-1.00243784373636
344,PERFORM2019:GEN:870:3,870,1,3.92088,3.92060482092521,-0.000275179074785914,1.08288216666546,0.0804443229291011,-1.00243784373636
345,PERFORM2019:GEN:870:4,870,1,3.92088,3.92060482092521,-0.000275179074785914,1.08288216666546,0.0804443229291011,-1.00243784373636
346,PERFORM2019:GEN:899:1,899,0,0,0,0,0,0,0
347,PERFORM2019:GEN:899:2,899,1,621.000004,620.955610790189,-0.0443932098113464,88.1325959590504,61.6484893773659,-26.4841065816845
348,PERFORM2019:GEN:900:1,900,0,0,0,0,0,0,0
349,PERFORM2019:GEN:900:2,900,0,0,0,0,0,0,0
350,PERFORM2019:GEN:994:1,994,0,0,0,0,0,0,0
351,PERFORM2019:GEN:994:2,994,0,0,0,0,0,0,0
352,PERFORM2019:GEN:994:3,994,0,0,0,0,0,0,0
353,PERFORM2019:GEN:994:4,994,0,0,0,0,0,0,0
354,PERFORM2019:GEN:994:5,994,1,59.619802,59.6199202069539,0.000118206953935385,-12.2685692717081,-1.00157132038614,11.2669979513219
355,PERFORM2019:GEN:994:6,994,1,59.619802,59.6199202069539,0.000118206953935385,-12.2685692717081,-1.00157132038614,11.2669979513219
356,PERFORM2019:GEN:994:7,994,1,60.116637,60.116755492091,0.000118492090969369,-12.3750751853298,-1.00291873668881,11.372156448641
357,PERFORM2019:GEN:997:1,997,0,0,0,0,0,0,0
358,PERFORM2019:GEN:997:2,997,0,0,0,0,0,0,0
359,PERFORM2019:GEN:997:3,997,0,0,0,0,0,0,0
360,PERFORM2019:GEN:997:4,997,0,0,0,0,0,0,0
361,PERFORM2019:GEN:997:5,997,0,0,0,0,0,0,0
362,PERFORM2019:GEN:997:6,997,0,0,0,0,0,0,0
363,PERFORM2019:GEN:1027:C1,1027,0,0,0,0,0,0,0
364,PERFORM2019:GEN:1039:1,1039,1,11.427129,11.4264232692296,-0.000705730770370394,3.56215890716856,-0.749686389728071,-4.31184529689663
365,PERFORM2019:GEN:1052:1,1052,1,6.273409,6.27344740840505,3.84084050519817e-05,3.28253864404874,-0.081780902832163,-3.36431954688091
366,PERFORM2019:GEN:1052:2,1052,1,6.665497,6.66554126951649,4.42695164881712e-05,3.50644730930179,-0.0681422092591728,-3.57458951856096
367,PERFORM2019:GEN:1052:3,1052,1,8.527914,8.52797634845224,6.23484522375151e-05,4.44120890251641,-0.142676480108822,-4.58388538262523
368,PERFORM2019:GEN:1052:4,1052,1,18.624181,18.6242896753829,0.000108675382911372,9.67805246604501,-0.330798185925684,-10.0088506519707
369,PERFORM2019:GEN:1053:1,1053,1,12.350773,12.3508576655935,8.46655934623186e-05,8.8,-0.471363070408481,-9.27136307040848
370,PERFORM2019:GEN:1129:1,1129,0,0,0,0,0,0,0
371,PERFORM2019:GEN:1129:2,1129,0,0,0,0,0,0,0
372,PERFORM2019:GEN:1129:3,1129,0,0,0,0,0,0,0
373,PERFORM2019:GEN:1129:4,1129,0,0,0,0,0,0,0
374,PERFORM2019:GEN:1129:5,1129,0,0,0,0,0,0,0
375,PERFORM2019:GEN:1129:6,1129,0,0,0,0,0,0,0
376,PERFORM2019:GEN:1129:7,1129,0,0,0,0,0,0,0
377,PERFORM2019:GEN:1129:8,1129,1,19.873267,19.8733103508303,4.33508302606356e-05,1.1083523318283,1.82216394160251,0.713811609774208
378,PERFORM2019:GEN:1129:9,1129,1,19.873267,19.8733105885157,4.35885157301641e-05,1.1083523318283,1.82216394160251,0.713811609774208
379,PERFORM2019:GEN:1129:10,1129,1,19.873267,19.8733103508303,4.33508302606356e-05,1.1083523318283,1.82216394160251,0.713811609774208
380,PERFORM2019:GEN:1129:11,1129,0,0,0,0,0,0,0
381,PERFORM2019:GEN:1129:12,1129,1,19.873267,19.8733097365587,4.27365587150064e-05,1.1083523318283,1.82216394160251,0.713811609774208
382,PERFORM2019:GEN:1129:13,1129,0,0,0,0,0,0,0
383,PERFORM2019:GEN:1129:14,1129,0,0,0,0,0,0,0
384,PERFORM2019:GEN:1129:15,1129,1,19.873267,19.8733106760306,4.36760305788653e-05,1.1083523318283,1.82216394160251,0.713811609774208
385,PERFORM2019:GEN:1129:16,1129,0,0,0,0,0,0,0
386,PERFORM2019:GEN:1129:17,1129,0,0,0,0,0,0,0
387,PERFORM2019:GEN:1129:18,1129,1,19.873267,19.8733106760306,4.36760305788653e-05,1.1083523318283,1.82216394160251,0.713811609774208
388,PERFORM2019:GEN:1129:19,1129,0,0,0,0,0,0,0
389,PERFORM2019:GEN:1129:20,1129,0,0,0,0,0,0,0
390,PERFORM2019:GEN:1129:21,1129,0,0,0,0,0,0,0
391,PERFORM2019:GEN:1129:22,1129,1,19.873267,19.8733106760306,4.36760305788653e-05,1.1083523318283,1.82216394160251,0.713811609774208
392,PERFORM2019:GEN:1129:23,1129,0,0,0,0,0,0,0
393,PERFORM2019:GEN:1129:24,1129,1,19.873267,19.8733106760306,4.36760305788653e-05,1.1083523318283,1.82216394160251,0.713811609774208
394,PERFORM2019:GEN:1129:25,1129,1,19.873267,19.8733106760306,4.36760305788653e-05,1.1083523318283,1.82216394160251,0.713811609774208
395,PERFORM2019:GEN:1129:26,1129,0,0,0,0,0,0,0
396,PERFORM2019:GEN:1129:27,1129,0,0,0,0,0,0,0
397,PERFORM2019:GEN:1129:28,1129,1,19.873267,19.8733106760306,4.36760305788653e-05,1.1083523318283,1.82216394160251,0.713811609774208
398,PERFORM2019:GEN:1129:29,1129,0,0,0,0,0,0,0
399,PERFORM2019:GEN:1129:30,1129,1,19.873267,19.8733106760306,4.36760305788653e-05,1.1083523318283,1.82216394160251,0.713811609774208
400,PERFORM2019:GEN:1129:31,1129,0,0,0,0,0,0,0
401,PERFORM2019:GEN:1129:32,1129,0,0,0,0,0,0,0
402,PERFORM2019:GEN:1129:33,1129,0,0,0,0,0,0,0
403,PERFORM2019:GEN:1129:34,1129,1,19.873267,19.8733106760306,4.36760305788653e-05,1.1083523318283,1.82216394160251,0.713811609774208
404,PERFORM2019:GEN:1129:35,1129,1,19.873267,19.8733106760306,4.36760305788653e-05,1.1083523318283,1.82216394160251,0.713811609774208
405,PERFORM2019:GEN:1129:36,1129,0,0,0,0,0,0,0
406,PERFORM2019:GEN:1129:37,1129,1,21.860594,21.860645065054,5.10650539915503e-05,1.21918756501113,2.00438033576276,0.78519277075163
407,PERFORM2019:GEN:1129:38,1129,1,21.860594,21.860645065054,5.10650539915503e-05,1.21918756501113,2.00438033576276,0.78519277075163
408,PERFORM2019:GEN:1129:39,1129,1,21.860594,21.860645065054,5.10650539915503e-05,1.21918756501113,2.00438033576276,0.78519277075163
409,PERFORM2019:GEN:1129:40,1129,1,21.860594,21.860645065054,5.10650539915503e-05,1.21918756501113,2.00438033576276,0.78519277075163
410,PERFORM2019:GEN:1129:41,1129,1,21.860594,21.860645065054,5.10650539915503e-05,1.21918756501113,2.00438033576276,0.78519277075163
411,PERFORM2019:GEN:1129:42,1129,1,21.860594,21.8606450564835,5.10564835245475e-05,1.21918756501113,2.00438033576276,0.78519277075163
412,PERFORM2019:GEN:1129:43,1129,1,21.860594,21.860645055444,5.10554439721034e-05,1.21918756501113,2.00438033576276,0.78519277075163
413,PERFORM2019:GEN:1129:44,1129,1,21.860594,21.860645065054,5.10650539915503e-05,1.21918756501113,2.00438033576276,0.78519277075163
414,PERFORM2019:GEN:1129:45,1129,1,21.860594,21.860645065054,5.10650539915503e-05,1.21918756501113,2.00438033576276,0.78519277075163
415,PERFORM2019:GEN:1129:46,1129,1,21.860594,21.860645065054,5.10650539915503e-05,1.21918756501113,2.00438033576276,0.78519277075163
416,PERFORM2019:GEN:1129:47,1129,1,21.860594,21.860645065054,5.10650539915503e-05,1.21918756501113,2.00438033576276,0.78519277075163
417,PERFORM2019:GEN:1129:48,1129,1,21.860594,21.860645065054,5.10650539915503e-05,1.21918756501113,2.00438033576276,0.78519277075163
418,PERFORM2019:GEN:1129:49,1129,1,21.860594,21.860645065054,5.10650539915503e-05,1.21918756501113,2.00438033576276,0.78519277075163
419,PERFORM2019:GEN:1129:50,1129,1,21.860594,21.8606450556127,5.10556126513961e-05,1.21918756501113,2.00438033576276,0.78519277075163
420,PERFORM2019:GEN:1129:51,1129,1,21.860594,21.860645065054,5.10650539915503e-05,1.21918756501113,2.00438033576276,0.78519277075163
421,PERFORM2019:GEN:1129:52,1129,1,21.860594,21.8606450583751,5.10583751101024e-05,1.21918756501113,2.00438033576276,0.78519277075163
422,PERFORM2019:GEN:1129:53,1129,1,46.702179,46.7022802776454,0.000101277645406128,2.57884468446016,4.2577295906491,1.67888490618894
423,PERFORM2019:GEN:1129:54,1129,1,46.702179,46.7022802776454,0.000101277645406128,2.57884468446016,4.2577295906491,1.67888490618894
424,PERFORM2019:GEN:1129:55,1129,1,46.702179,46.7022802776454,0.000101277645406128,2.57884468446016,4.2577295906491,1.67888490618894
425,PERFORM2019:GEN:1130:1,1130,0,0,0,0,0,0,0
426,PERFORM2019:GEN:1130:2,1130,0,0,0,0,0,0,0
427,PERFORM2019:GEN:1130:3,1130,0,0,0,0,0,0,0
428,PERFORM2019:GEN:1130:4,1130,0,0,0,0,0,0,0
429,PERFORM2019:GEN:1130:5,1130,0,0,0,0,0,0,0
430,PERFORM2019:GEN:1130:6,1130,0,0,0,0,0,0,0
431,PERFORM2019:GEN:1130:7,1130,0,0,0,0,0,0,0
432,PERFORM2019:GEN:1130:8,1130,0,0,0,0,0,0,0
433,PERFORM2019:GEN:1130:9,1130,0,0,0,0,0,0,0
434,PERFORM2019:GEN:1130:10,1130,0,0,0,0,0,0,0
435,PERFORM2019:GEN:1130:11,1130,0,0,0,0,0,0,0
436,PERFORM2019:GEN:1130:12,1130,0,0,0,0,0,0,0
437,PERFORM2019:GEN:1130:13,1130,0,0,0,0,0,0,0
438,PERFORM2019:GEN:1130:14,1130,0,0,0,0,0,0,0
439,PERFORM2019:GEN:1130:15,1130,0,0,0,0,0,0,0
440,PERFORM2019:GEN:1130:16,1130,1,18.382771,18.3827970220774,2.60220773924402e-05,13,1.69388597729753,-11.3061140227025
441,PERFORM2019:GEN:1130:17,1130,1,18.382771,18.3827970220774,2.60220773924402e-05,13,1.69388597729753,-11.3061140227025
442,PERFORM2019:GEN:1131:1,1131,0,0,0,0,0,0,0
443,PERFORM2019:GEN:1131:2,1131,0,0,0,0,0,0,0
444,PERFORM2019:GEN:1131:C2,1131,0,0,0,0,0,0,0
445,PERFORM2019:GEN:1131:C3,1131,1,160.158467,160.158605129116,0.000138129116379559,120.749998,61.0783241963191,-59.6716738036809
446,PERFORM2019:GEN:1133:1,1133,0,0,0,0,0,0,0
447,PERFORM2019:GEN:1133:2,1133,0,0,0,0,0,0,0
448,PERFORM2019:GEN:1133:3,1133,0,0,0,0,0,0,0
449,PERFORM2019:GEN:1133:4,1133,0,0,0,0,0,0,0
450,PERFORM2019:GEN:1133:5,1133,0,0,0,0,0,0,0
451,PERFORM2019:GEN:1133:6,1133,0,0,0,0,0,0,0
452,PERFORM2019:GEN:1133:7,1133,0,0,0,0,0,0,0
453,PERFORM2019:GEN:1133:8,1133,0,0,0,0,0,0,0
454,PERFORM2019:GEN:1133:9,1133,0,0,0,0,0,0,0
455,PERFORM2019:GEN:1133:10,1133,0,0,0,0,0,0,0
456,PERFORM2019:GEN:1133:11,1133,0,0,0,0,0,0,0
457,PERFORM2019:GEN:1133:12,1133,0,0,0,0,0,0,0
458,PERFORM2019:GEN:1133:13,1133,0,0,0,0,0,0,0
459,PERFORM2019:GEN:1133:14,1133,1,21.860594,21.8606474779479,5.34779479082204e-05,-0.393462932811974,1.83204196533253,2.22550489814451
460,PERFORM2019:GEN:1133:15,1133,1,24.841583,24.8416456650671,6.26650670874085e-05,-0.475832356255084,2.05719685508757,2.53302921134266
461,PERFORM2019:GEN:1133:16,1133,1,24.841583,24.8416456650671,6.26650670874085e-05,-0.475832356255084,2.05719685508757,2.53302921134266
462,PERFORM2019:GEN:1133:17,1133,0,0,0,0,0,0,0
463,PERFORM2019:GEN:1133:18,1133,0,0,0,0,0,0,0
464,PERFORM2019:GEN:1133:19,1133,1,42.628157,42.6282555495857,9.85495856653529e-05,-0.782894599715815,3.55481684632238,4.3377114460382
465,PERFORM2019:GEN:1133:20,1133,0,0,0,0,0,0,0
466,PERFORM2019:GEN:1133:21,1133,0,0,0,0,0,0,0
467,PERFORM2019:GEN:1133:22,1133,0,0,0,0,0,0,0
468,PERFORM2019:GEN:1133:23,1133,0,0,0,0,0,0,0
469,PERFORM2019:GEN:1133:24,1133,0,0,0,0,0,0,0
470,PERFORM2019:GEN:1133:25,1133,1,46.702179,46.7022824361008,0.000103436100793886,-0.869295289067063,3.8892388204201,4.75853410948716
471,PERFORM2019:GEN:1133:26,1133,1,46.702179,46.7022824361008,0.000103436100793886,-0.869295289067063,3.8892388204201,4.75853410948716
472,PERFORM2019:GEN:1133:29,1133,1,400,399.971346643139,-0.0286533568614118,-7.15387650567226,33.3098489151369,40.4637254208092
473,PERFORM2019:GEN:1133:30,1133,1,400,399.971346643139,-0.0286533568614118,-7.15387650567226,33.3098489151369,40.4637254208092
474,PERFORM2019:GEN:1133:31,1133,1,1027.00005,1026.93637222909,-0.063677770915092,-18.3962847071965,85.4983791110967,103.894663818293
475,PERFORM2019:GEN:1133:C1,1133,1,266.798592,266.79873876296,0.000146762960184788,-22.2173603652769,9.28972032383813,31.507080689115
476,PERFORM2019:GEN:1135:1,1135,1,16.991642,16.9916442765406,2.27654060935834e-06,12,1.78773972221253,-10.2122602777875
477,PERFORM2019:GEN:1146:1,1146,1,27.822575,27.8226451734342,7.01734342065663e-05,-7.07781114035429,-7.70237151968294,-0.62456037932865
478,PERFORM2019:GEN:1147:1,1147,1,78.996235,78.9963610280129,0.000126028012928714,-43.700001,-33.2316068698511,10.4683941301489
479,PERFORM2019:GEN:1147:2,1147,1,78.996235,78.9963608242411,0.000125824241081318,-43.700001,-33.2316068698511,10.4683941301489
480,PERFORM2019:GEN:1147:3,1147,1,78.996235,78.9963607743917,0.000125774391705136,-43.700001,-33.2316068698511,10.4683941301489
481,PERFORM2019:GEN:1148:1,1148,0,0,0,0,0,0,0
482,PERFORM2019:GEN:1148:2,1148,0,0,0,0,0,0,0
483,PERFORM2019:GEN:1162:1,1162,0,0,0,0,0,0,0
484,PERFORM2019:GEN:1164:1,1164,1,31.300396,31.3004750181575,7.90181574572557e-05,-17.299999,-7.86269250002315,9.43730649997685
485,PERFORM2019:GEN:1169:1,1169,1,24.742217,24.7422779562506,6.09562505538008e-05,-6.63203240389381,-7.49536771806368,-0.863335314169872
486,PERFORM2019:GEN:1170:1,1170,1,19.873267,19.87331223677,4.52367700098932e-05,-11,-3.75944540788885,7.24055459211115
487,PERFORM2019:GEN:1172:1,1172,1,15.898612,15.8985134158231,-9.8584176898342e-05,0.141011464019014,-4.43981737669138,-4.5808288407104
488,PERFORM2019:GEN:1173:1,1173,1,17.88594,17.8859218318266,-1.81681734083838e-05,4.01537029018781,-4.29202179264302,-8.30739208283083
489,PERFORM2019:GEN:1181:1,1181,1,2.744616,2.74313434288686,-0.00148165711314086,2,0.195075126201514,-1.80492487379849
490,PERFORM2019:GEN:1181:2,1181,1,2.744616,2.74313434288686,-0.00148165711314086,2,0.195075126201514,-1.80492487379849
491,PERFORM2019:GEN:1181:3,1181,1,2.744616,2.74313434288686,-0.00148165711314086,2,0.195075126201514,-1.80492487379849
492,PERFORM2019:GEN:1181:4,1181,1,3.43077,3.43011427568796,-0.000655724312042416,2.5,0.201968150820059,-2.29803184917994
493,PERFORM2019:GEN:1194:1,1194,1,6.37143,6.37147257702652,4.25770265213288e-05,4.6,0.179045459383091,-4.42095454061691
494,PERFORM2019:GEN:1194:2,1194,1,6.37143,6.37147257702652,4.25770265213288e-05,4.6,0.179045459383091,-4.42095454061691
495,PERFORM2019:GEN:1213:1,1213,1,9.802201,9.80227803227979,7.70322797851719e-05,7,-0.371136693576585,-7.37113669357659
496,PERFORM2019:GEN:1213:2,1213,1,9.802201,9.80227803227979,7.70322797851719e-05,7,-0.371136693576585,-7.37113669357659
497,PERFORM2019:GEN:1223:1,1223,1,24.5055,24.5056155329894,0.000115532989436673,2.35197513276391,-7.2625049643551,-9.61448009711901
498,PERFORM2019:GEN:1227:1,1227,1,245.055008,245.05522744443,0.000219444430086924,-16.9950013230757,2.0094001003997,19.0044014234754
499,PERFORM2019:GEN:1227:2,1227,1,245.055008,245.05522744443,0.000219444430086924,-16.9950013230757,2.0094001003997,19.0044014234754
500,PERFORM2019:GEN:1227:3,1227,1,245.055008,245.05522744443,0.000219444430086924,-16.9950013230757,2.0094001003997,19.0044014234754
501,PERFORM2019:GEN:1227:4,1227,1,245.055008,245.05522744443,0.000219444430086924,-16.9950013230757,2.0094001003997,19.0044014234754
502,PERFORM2019:GEN:1230:1,1230,1,34.340626,34.3407617622526,0.000135762252604366,-11.1876145376359,-13.9100011801956,-2.72238664255966
503,PERFORM2019:GEN:1230:2,1230,1,34.340626,34.3407617622526,0.000135762252604366,-11.1876145376359,-13.9100011801956,-2.72238664255966
504,PERFORM2019:GEN:1230:3,1230,1,34.340626,34.3407617622526,0.000135762252604366,-11.1876145376359,-13.9100011801956,-2.72238664255966
505,PERFORM2019:GEN:1230:4,1230,1,34.340626,34.3407617622526,0.000135762252604366,-11.1876145376359,-13.9100011801956,-2.72238664255966
506,PERFORM2019:GEN:1230:5,1230,1,34.340626,34.3407617622526,0.000135762252604366,-11.1876145376359,-13.9100011801956,-2.72238664255966
507,PERFORM2019:GEN:1230:6,1230,1,34.340626,34.3407617622526,0.000135762252604366,-11.1876145376359,-13.9100011801956,-2.72238664255966
508,PERFORM2019:GEN:1230:7,1230,1,34.340626,34.3407617622526,0.000135762252604366,-11.1876145376359,-13.9100011801956,-2.72238664255966
509,PERFORM2019:GEN:1230:8,1230,1,34.340626,34.3407617622526,0.000135762252604366,-11.1876145376359,-13.9100011801956,-2.72238664255966
510,PERFORM2019:GEN:1230:9,1230,1,55.872548,55.8726699179247,0.000121917924651882,-11.1876145376359,-13.9100011801956,-2.72238664255966
511,PERFORM2019:GEN:1230:10,1230,1,34.340626,34.3407617622526,0.000135762252604366,-11.1876145376359,-13.9100011801956,-2.72238664255966
512,PERFORM2019:GEN:1230:11,1230,1,34.340626,34.3407617622526,0.000135762252604366,-11.1876145376359,-13.9100011801956,-2.72238664255966
513,PERFORM2019:GEN:1230:12,1230,1,34.340626,34.3407617622526,0.000135762252604366,-11.1876145376359,-13.9100011801956,-2.72238664255966
514,PERFORM2019:GEN:1230:13,1230,1,34.340626,34.3407617622526,0.000135762252604366,-11.1876145376359,-13.9100011801956,-2.72238664255966
515,PERFORM2019:GEN:1230:14,1230,1,34.340626,34.3407617622526,0.000135762252604366,-11.1876145376359,-13.9100011801956,-2.72238664255966
516,PERFORM2019:GEN:1230:15,1230,1,34.340626,34.3407617622526,0.000135762252604366,-11.1876145376359,-13.9100011801956,-2.72238664255966
517,PERFORM2019:GEN:1230:16,1230,1,34.340626,34.3407617622526,0.000135762252604366,-11.1876145376359,-13.9100011801956,-2.72238664255966
518,PERFORM2019:GEN:1236:1,1236,0,0,0,0,0,0,0
519,PERFORM2019:GEN:1236:2,1236,0,0,0,0,0,0,0
520,PERFORM2019:GEN:1240:1,1240,1,637.733221,637.73335351118,0.000132511180140682,-35.7206949316247,-51.2738520789055,-15.5531571472807
521,PERFORM2019:GEN:1240:2,1240,1,1251.32027,1251.32060410936,0.000334109355662804,-70.1030160291033,-100.618065510519,-30.5150494814158
522,PERFORM2019:GEN:1249:1,1249,0,0,0,0,0,0,0
523,PERFORM2019:GEN:1250:1,1250,1,86.945534,86.9456445440762,0.000110544076179053,-35.2872129032353,-32.0071594742267,3.28005342900851
524,PERFORM2019:GEN:1273:1,1273,0,0,0,0,0,0,0
525,PERFORM2019:GEN:1273:2,1273,0,0,0,0,0,0,0
526,PERFORM2019:GEN:1273:3,1273,0,0,0,0,0,0,0
527,PERFORM2019:GEN:1273:4,1273,0,0,0,0,0,0,0
528,PERFORM2019:GEN:1273:5,1273,0,0,0,0,0,0,0
529,PERFORM2019:GEN:1273:6,1273,0,0,0,0,0,0,0
530,PERFORM2019:GEN:1273:7,1273,0,0,0,0,0,0,0
531,PERFORM2019:GEN:1273:8,1273,0,0,0,0,0,0,0
532,PERFORM2019:GEN:1273:9,1273,0,0,0,0,0,0,0
533,PERFORM2019:GEN:1273:10,1273,0,0,0,0,0,0,0
534,PERFORM2019:GEN:1273:11,1273,0,0,0,0,0,0,0
535,PERFORM2019:GEN:1273:12,1273,0,0,0,0,0,0,0
536,PERFORM2019:GEN:1273:13,1273,0,0,0,0,0,0,0
537,PERFORM2019:GEN:1273:14,1273,0,0,0,0,0,0,0
538,PERFORM2019:GEN:1273:15,1273,0,0,0,0,0,0,0
539,PERFORM2019:GEN:1273:16,1273,0,0,0,0,0,0,0
540,PERFORM2019:GEN:1273:17,1273,0,0,0,0,0,0,0
541,PERFORM2019:GEN:1273:18,1273,0,0,0,0,0,0,0
542,PERFORM2019:GEN:1287:1,1287,1,79.393703,79.3938100962812,0.000107096281226404,-12.9905860317782,-28.5408203243792,-15.550234292601
543,PERFORM2019:GEN:138:1,138,1,93.801999,93.8021094903343,0.000110490334321867,-15.9028307501247,-18.8910050233591,-2.98817427323443
544,PERFORM2019:GEN:1296:2,1296,1,111.2903,111.290415220333,0.000115220332844501,-27.7569198546764,-29.8065966204628,-2.04967676578637
545,PERFORM2019:GEN:1321:1,1321,0,0,0,0,0,0,0
546,PERFORM2019:GEN:1321:2,1321,0,0,0,0,0,0,0
547,PERFORM2019:GEN:1321:3,1321,0,0,0,0,0,0,0
548,PERFORM2019:GEN:1321:4,1321,0,0,0,0,0,0,0
549,PERFORM2019:GEN:1324:1,1324,1,79.294336,79.2944471102139,0.000111110213879329,-11.1489935050822,-25.1069434872639,-13.9579499821817
550,PERFORM2019:GEN:1330:C1,1330,1,90.025902,90.0260155004327,0.000113500432732394,-18.5312033306071,-33.7773061467278,-15.2461028161207
551,PERFORM2019:GEN:1427:1,1427,1,21.054088,21.0542243201725,0.000136320172462234,-7.89507593398053,-2.20094151831161,5.69413441566892
552,PERFORM2019:GEN:1427:2,1427,1,90.550828,90.5509635378211,0.000135537821122966,-7.89507593398053,-2.20094151831161,5.69413441566892
553,PERFORM2019:GEN:1427:3,1427,1,116.577399,116.577534557811,0.000135557810608589,-10.0971209272766,-2.76656701073145,7.33055391654517
554,PERFORM2019:GEN:1427:4,1427,1,116.577399,116.577534557811,0.000135557810608589,-10.0971209272766,-2.76656701073145,7.33055391654517
555,PERFORM2019:GEN:1427:5,1427,1,116.577399,116.577534557811,0.000135557810608589,-10.0971209272766,-2.76656701073145,7.33055391654517
556,PERFORM2019:GEN:1427:6,1427,1,116.577399,116.577534557811,0.000135557810608589,-10.0971209272766,-2.76656701073145,7.33055391654517
557,PERFORM2019:GEN:1427:7,1427,1,116.577399,116.577534557811,0.000135557810608589,-10.0971209272766,-2.76656701073145,7.33055391654517
558,PERFORM2019:GEN:1427:8,1427,1,116.577399,116.577534557811,0.000135557810608589,-10.0971209272766,-2.76656701073145,7.33055391654517
559,PERFORM2019:GEN:1427:9,1427,1,189.672589,189.672720448938,0.000131448938503809,-10.0971209272766,-2.76656701073145,7.33055391654517
560,PERFORM2019:GEN:1427:10,1427,1,116.577399,116.577534557811,0.000135557810608589,-10.0971209272766,-2.76656701073145,7.33055391654517
561,PERFORM2019:GEN:1427:11,1427,1,116.577399,116.577534557811,0.000135557810608589,-10.0971209272766,-2.76656701073145,7.33055391654517
562,PERFORM2019:GEN:1427:12,1427,1,18.67929,18.6794264632017,0.000136463201688031,-10.0971209272766,-2.76656701073145,7.33055391654517
563,PERFORM2019:GEN:1427:13,1427,1,116.577399,116.577534557811,0.000135557810608589,-10.0971209272766,-2.76656701073145,7.33055391654517
564,PERFORM2019:GEN:1428:1,1428,1,12.049346,12.0494804107598,0.000134410759752512,-2.04490056365423,-0.234048774464379,1.81085178918985
565,PERFORM2019:GEN:1428:2,1428,1,12.049346,12.0494804107598,0.000134410759752512,-2.04490056365423,-0.234048774464379,1.81085178918985
566,PERFORM2019:GEN:1428:3,1428,1,12.049346,12.0494804107598,0.000134410759752512,-2.04490056365423,-0.234048774464379,1.81085178918985
567,PERFORM2019:GEN:1428:4,1428,1,12.049346,12.0494804107598,0.000134410759752512,-2.04490056365423,-0.234048774464379,1.81085178918985
568,PERFORM2019:GEN:1428:5,1428,1,12.049346,12.0494804107598,0.000134410759752512,-2.04490056365423,-0.234048774464379,1.81085178918985
569,PERFORM2019:GEN:1428:6,1428,1,12.049346,12.0494804107598,0.000134410759752512,-2.04490056365423,-0.234048774464379,1.81085178918985
570,PERFORM2019:GEN:1428:7,1428,1,12.049346,12.0494804107598,0.000134410759752512,-2.04490056365423,-0.234048774464379,1.81085178918985
571,PERFORM2019:GEN:1428:8,1428,1,12.049346,12.0494804107598,0.000134410759752512,-2.04490056365423,-0.234048774464379,1.81085178918985
572,PERFORM2019:GEN:1428:9,1428,1,12.049346,12.0494804107598,0.000134410759752512,-2.04490056365423,-0.234048774464379,1.81085178918985
573,PERFORM2019:GEN:1428:10,1428,1,12.049346,12.0494804107598,0.000134410759752512,-2.04490056365423,-0.234048774464379,1.81085178918985
574,PERFORM2019:GEN:1428:11,1428,1,12.049346,12.0494804107598,0.000134410759752512,-2.04490056365423,-0.234048774464379,1.81085178918985
575,PERFORM2019:GEN:1428:12,1428,1,12.049346,12.0494804107598,0.000134410759752512,-2.04490056365423,-0.234048774464379,1.81085178918985
576,PERFORM2019:GEN:1445:1,1445,1,14.904951,14.9048157642256,-0.000135235774443743,8.20362130778262,-1.18223927378317,-9.38586058156579
577,PERFORM2019:GEN:1456:1,1456,0,0,0,0,0,0,0
578,PERFORM2019:GEN:1456:2,1456,0,0,0,0,0,0,0
579,PERFORM2019:GEN:1456:3,1456,0,0,0,0,0,0,0
580,PERFORM2019:GEN:1456:4,1456,0,0,0,0,0,0,0
581,PERFORM2019:GEN:1456:5,1456,0,0,0,0,0,0,0
582,PERFORM2019:GEN:1456:6,1456,0,0,0,0,0,0,0
583,PERFORM2019:GEN:1456:7,1456,0,0,0,0,0,0,0
584,PERFORM2019:GEN:1456:C1,1456,0,0,0,0,0,0,0
585,PERFORM2019:GEN:1457:1,1457,1,14.904951,14.9049279069653,-2.3093034704047e-05,4.99420359253182,2.146503453604,-2.84770013892782
586,PERFORM2019:GEN:1457:2,1457,1,178.859413,178.859556064864,0.000143064863834752,60.1061590170031,26.0246413968563,-34.0815176201468
587,PERFORM2019:GEN:1457:3,1457,1,373.617435,373.617775630923,0.000340630922835317,125.555085348988,54.3625811184252,-71.1925042305626
588,PERFORM2019:GEN:1457:4,1457,1,386.999989,386.973226492806,-0.0267625071938937,129.213610203836,55.9307727410975,-73.2828374627384
589,PERFORM2019:GEN:1457:5,1457,1,386.999989,386.973226492806,-0.0267625071938937,129.213610203836,55.9307727410975,-73.2828374627384
590,PERFORM2019:GEN:1460:1,1460,1,1.96044,1.95759892929906,-0.00284107070094475,1.4,0.129473668804083,-1.27052633119592
591,PERFORM2019:GEN:1460:2,1460,1,1.96044,1.95759892929906,-0.00284107070094475,1.4,0.129473668804083,-1.27052633119592
592,PERFORM2019:GEN:1460:3,1460,1,1.96044,1.95759892929906,-0.00284107070094475,1.4,0.129473668804083,-1.27052633119592
593,PERFORM2019:GEN:1460:4,1460,1,1.96044,1.95759892929906,-0.00284107070094475,1.4,0.129473668804083,-1.27052633119592
594,PERFORM2019:GEN:1460:5,1460,1,1.96044,1.95759892929906,-0.00284107070094475,1.4,0.129473668804083,-1.27052633119592
595,RESEARCH2019:Q_SUPPORT:1263:MARCY,1263,1,0,0,0,-719.756650056624,-395.658307836164,324.09834222046
